----------------------------------------------------------------------------------------------------------------------------------------------------------------------------
maxlen=[1850]
cnn_layers=[2]--[conv_width=[5]
uselsem=[1]--[lstm_size=[16]
densensize=[128]
batch_s=[16]
drop_o=[0.3]
----------------------------------------------------------------------------------------------------------------------------------------------------------------------------
          acc,           precision,              npv,          sensitivity,         specificity,          mcc,                 ppv,             auc,                pr
----------------------------------------------------------------------------------------------------------------------------------------------------------------------------
0.8118393234672304,0.7881136945813219,0.8403100768679767,0.8555399713495512,0.7677053818925599,0.6258292074234459,0.8204438463952778,0.8935434703145549,0.8762782031854802
0.8181818181818182,0.7909207156068281,0.8516483509798678,0.867461429966717,0.7684135971895087,0.6392132853378194,0.8274247488871489,0.895651975255176,0.8830382926696008
0.8146582100070472,0.7634660417075725,0.8920353974406765,0.9144460021637826,0.7138810193244468,0.6417704171816252,0.8321633692303244,0.9002533881099293,0.8873321580081626
0.8273431994362227,0.8214285708644034,0.8335745290639837,0.8387096768311993,0.815864022085082,0.6547883653892638,0.8299791808362321,0.9014334158425675,0.8802390163501529
0.8223475502291152,0.8126272906906806,0.8328445741694687,0.8399999994105263,0.8045325773339004,0.6450020509822568,0.826086956236685,0.899850902042642,0.8833483710165076
acc=81.89% (+/- 0.55%)
precision=79.53% (+/- 2.03%)
npv=85.01% (+/- 2.20%)
sensitivity=86.32% (+/- 2.77%)
specificity=77.41% (+/- 3.57%)
mcc=64.13% (+/- 0.94%)
f1=82.72% (+/- 0.40%)
roc_auc=89.81% (+/- 0.30%)
roc_pr=88.20% (+/- 0.37%)
start: 2020-10-14-22:12:26
end: 2020-10-14-23:11:23