----------------------------------------------------------------------------------------------------------------------------------------------------------------------------
maxlen=[1800]
cnn_layers=[2]--[conv_width=[5]
uselsem=[1]--[lstm_size=[16]
densensize=[128]
batch_s=[16]
drop_o=[0.3]
----------------------------------------------------------------------------------------------------------------------------------------------------------------------------
          acc,           precision,              npv,          sensitivity,         specificity,          mcc,                 ppv,             auc,                pr
----------------------------------------------------------------------------------------------------------------------------------------------------------------------------
0.7832980972515856,0.7249029391431486,0.8850241537342761,0.9165497889785765,0.6487252120051521,0.5871767531236377,0.8095385565780309,0.8793833858452295,0.8615694393283815
0.7966878083157153,0.7954070975675663,0.7980014269821545,0.8015427764365057,0.791784701988821,0.5933680012264818,0.7984631502624998,0.8794221241293819,0.8597970991890566
0.828400281888654,0.7928883338784227,0.8744939264174137,0.8913043472010488,0.7648725207047644,0.6617558483491017,0.8392208646948759,0.9078177830576625,0.9000136989926306
0.7980972515856237,0.7718291900753159,0.8305752554526593,0.8492286109051692,0.7464589229840942,0.5990365764460985,0.8086811349553653,0.8832599458061338,0.8646975701292692
0.8110680296087416,0.7622418874559045,0.8835376524662542,0.9066666660304092,0.7145892346213957,0.6333990457793349,0.8282051279396778,0.8935515133442672,0.880823185885331
acc=80.35% (+/- 1.52%)
precision=76.95% (+/- 2.56%)
npv=85.43% (+/- 3.45%)
sensitivity=87.31% (+/- 4.25%)
specificity=73.33% (+/- 4.92%)
mcc=61.49% (+/- 2.84%)
f1=81.68% (+/- 1.47%)
roc_auc=88.87% (+/- 1.09%)
roc_pr=87.34% (+/- 1.53%)
start: 2020-10-14-21:22:46
end: 2020-10-14-22:09:11