----------------------------------------------------------------------------------------------------------------------------------------------------------------------------
maxlen=[1650]
cnn_layers=[2]--[conv_width=[5]
uselsem=[1]--[lstm_size=[16]
densensize=[128]
batch_s=[16]
drop_o=[0.3]
----------------------------------------------------------------------------------------------------------------------------------------------------------------------------
          acc,           precision,              npv,          sensitivity,         specificity,          mcc,                 ppv,             auc,                pr
----------------------------------------------------------------------------------------------------------------------------------------------------------------------------
0.8058491895701198,0.7510040156333884,0.8931506841158441,0.9179523135217725,0.6926345604159811,0.6271462396790316,0.8261281158642702,0.8957686867523015,0.875932352982637
0.8224101479915433,0.7906683475468673,0.8626198076177157,0.8793828885838829,0.7648725207047644,0.6487560630239861,0.8326693224327127,0.9007018582456923,0.8874223717721057
0.821000704721635,0.7709563159557519,0.8951048943224607,0.9158485267069785,0.7252124640756286,0.6534415512848826,0.8371794869111604,0.9058505735252633,0.8928972003187594
0.7980972515856237,0.7378694920591915,0.9014354058359468,0.9277699853241445,0.6671388097258223,0.6167074735658256,0.8219944079459477,0.8973629161385679,0.8762189838870048
0.8272823405005287,0.7994875074955237,0.8612852657826917,0.8757894730696214,0.7783286113467927,0.6574370100912417,0.8359008704501337,0.8983340788231201,0.8854285831440838
acc=81.49% (+/- 1.11%)
precision=77.00% (+/- 2.32%)
npv=88.27% (+/- 1.72%)
sensitivity=90.33% (+/- 2.14%)
specificity=72.56% (+/- 4.20%)
mcc=64.07% (+/- 1.59%)
f1=83.08% (+/- 0.58%)
roc_auc=89.96% (+/- 0.35%)
roc_pr=88.36% (+/- 0.66%)
start: 2020-10-14-18:43:45
end: 2020-10-14-19:35:01