----------------------------------------------------------------------------------------------------------------------------------------------------------------------------
maxlen=[1750]
cnn_layers=[2]--[conv_width=[5]
uselsem=[1]--[lstm_size=[16]
densensize=[128]
batch_s=[16]
drop_o=[0.3]
----------------------------------------------------------------------------------------------------------------------------------------------------------------------------
          acc,           precision,              npv,          sensitivity,         specificity,          mcc,                 ppv,             auc,                pr
----------------------------------------------------------------------------------------------------------------------------------------------------------------------------
0.813953488372093,0.8025606463594605,0.8264401766422155,0.8352033654732094,0.7924929172857699,0.6283482154777894,0.8185567007496369,0.8895040109023437,0.8681323084110982
0.8023255813953488,0.7704815504875037,0.8434221139278271,0.8639551186087271,0.7400849853115545,0.6089519148882465,0.8145454542761833,0.8841392551919234,0.8634728197998388
0.817477096546864,0.7975098290973067,0.8407012188714167,0.8534361845347571,0.7811614725345881,0.63640178914711,0.8245257449781417,0.8904670049147956,0.8801372178761799
0.8114869626497534,0.7721441656859229,0.8651124056077332,0.8863955112998628,0.7358356935298613,0.6296990754409816,0.8253346389731196,0.8930520404149564,0.8757267296726563
0.8279873105393021,0.8064094173927996,0.8532110085220098,0.8652631572875346,0.7903682713949233,0.6576229039300783,0.8348002705366282,0.902247403210576,0.8933422772408632
acc=81.46% (+/- 0.83%)
precision=78.98% (+/- 1.54%)
npv=84.58% (+/- 1.29%)
sensitivity=86.09% (+/- 1.67%)
specificity=76.80% (+/- 2.48%)
mcc=63.22% (+/- 1.57%)
f1=82.36% (+/- 0.69%)
roc_auc=89.19% (+/- 0.59%)
roc_pr=87.62% (+/- 1.04%)
start: 2020-10-14-20:34:30
end: 2020-10-14-21:18:51