----------------------------------------------------------------------------------------------------------------------------------------------------------------------------
maxlen=[1600]
cnn_layers=[2]--[conv_width=[5]
uselsem=[1]--[lstm_size=[16]
densensize=[128]
batch_s=[16]
drop_o=[0.3]
----------------------------------------------------------------------------------------------------------------------------------------------------------------------------
          acc,           precision,              npv,          sensitivity,         specificity,          mcc,                 ppv,             auc,                pr
----------------------------------------------------------------------------------------------------------------------------------------------------------------------------
0.8255813953488372,0.8024691352810467,0.8529638176651548,0.866058905423521,0.7847025490193325,0.6530930280423819,0.8330522762789031,0.8971985267532552,0.8801465309441667
0.8016208597603947,0.7436476562712322,0.8978444227761532,0.9235624116945564,0.678470254477004,0.621449264348693,0.823897403558368,0.8970450635506518,0.8815706187047012
0.8199436222692037,0.7972709546476472,0.8468052341441068,0.8604488072507371,0.7790368266437415,0.6417768080552382,0.8276559862301329,0.8965541302957221,0.8887482323688137
0.8231148696264975,0.8407079639817787,0.8070175433151028,0.7994389896217117,0.8470254951508317,0.6470946900205637,0.819554277203611,0.903335068278709,0.8879017101567233
0.8093056045118082,0.760613207098695,0.8816827336707425,0.9052631572594644,0.7124645887305491,0.6298920742763241,0.8266581221317981,0.8939242582376622,0.885093438720436
acc=81.59% (+/- 0.91%)
precision=78.89% (+/- 3.40%)
npv=85.73% (+/- 3.13%)
sensitivity=87.10% (+/- 4.29%)
specificity=76.03% (+/- 5.91%)
mcc=63.87% (+/- 1.15%)
f1=82.62% (+/- 0.44%)
roc_auc=89.76% (+/- 0.31%)
roc_pr=88.47% (+/- 0.34%)
start: 2020-10-14-17:51:51
end: 2020-10-14-18:42:28