----------------------------------------------------------------------------------------------------------------------------------------------------------------------------
maxlen=[1700]
cnn_layers=[2]--[conv_width=[5]
uselsem=[1]--[lstm_size=[16]
densensize=[128]
batch_s=[16]
drop_o=[0.3]
----------------------------------------------------------------------------------------------------------------------------------------------------------------------------
          acc,           precision,              npv,          sensitivity,         specificity,          mcc,                 ppv,             auc,                pr
----------------------------------------------------------------------------------------------------------------------------------------------------------------------------
0.8157152924594785,0.7848580436688593,0.8547486026697936,0.872370265867903,0.7584985830322247,0.6352227248782516,0.8263035533622373,0.8923279324881104,0.8737228481758498
0.799506694855532,0.7592256498734267,0.855696201809539,0.8800841508554809,0.7181303111061399,0.6065106314415181,0.8151997399106204,0.883216986042298,0.8623613721964102
0.8136011275546159,0.7729762624631915,0.8694560662180283,0.8906030849294507,0.7358356935298613,0.6343851548609498,0.8276311499421208,0.8990999308670621,0.885321909099443
0.7973925299506694,0.7549430792361036,0.8579982884020544,0.8835904622134708,0.7103399428397026,0.6033610164300769,0.8142164779275552,0.8883736476365673,0.8711263898029944
0.8124779696862884,0.7778469192421612,0.857723576538436,0.8771929818405663,0.7471671382810431,0.6299403722227088,0.8245382583032526,0.8908506038467274,0.8773427375615663
acc=80.77% (+/- 0.77%)
precision=77.00% (+/- 1.13%)
npv=85.91% (+/- 0.53%)
sensitivity=88.08% (+/- 0.61%)
specificity=73.40% (+/- 1.78%)
mcc=62.19% (+/- 1.40%)
f1=82.16% (+/- 0.57%)
roc_auc=89.08% (+/- 0.52%)
roc_pr=87.40% (+/- 0.75%)
start: 2020-10-14-19:36:08
end: 2020-10-14-20:32:09