----------------------------------------------------------------------------------------------------------------------------------------------------------------------------
maxlen=[1900]
cnn_layers=[2]--[conv_width=[5]
uselsem=[1]--[lstm_size=[16]
densensize=[128]
batch_s=[16]
drop_o=[0.3]
----------------------------------------------------------------------------------------------------------------------------------------------------------------------------
          acc,           precision,              npv,          sensitivity,         specificity,          mcc,                 ppv,             auc,                pr
----------------------------------------------------------------------------------------------------------------------------------------------------------------------------
0.7949260042283298,0.7392290245242465,0.8864059582063258,0.9144460021637826,0.6742209626953108,0.6068695476177483,0.8175548586778825,0.884894155088224,0.8674278822026047
0.8128964059196617,0.8042148193037288,0.8222384778184063,0.8295932673004254,0.7960339937705141,0.6260401440027291,0.8167069379300287,0.8865484784793931,0.8682044334011612
0.8224101479915433,0.7899371064214231,0.8637820505899182,0.8807854131270789,0.7634560901108667,0.648963029710642,0.8328912464081926,0.8979295877054619,0.8828695119344623
0.8153629316420014,0.803908355253431,0.8279172815155706,0.8366058900164054,0.7939093478796675,0.6311700984115723,0.8199312711958999,0.8989377763827582,0.8836202579703212
0.7937962636587945,0.7399999995771428,0.8804047829987076,0.9087719291868267,0.6777620391800552,0.6032316972226844,0.8157480312391345,0.8922225535510163,0.879106682428162
acc=80.79% (+/- 1.15%)
precision=77.55% (+/- 2.97%)
npv=85.61% (+/- 2.65%)
sensitivity=87.40% (+/- 3.54%)
specificity=74.11% (+/- 5.44%)
mcc=62.33% (+/- 1.67%)
f1=82.06% (+/- 0.63%)
roc_auc=89.21% (+/- 0.57%)
roc_pr=87.62% (+/- 0.71%)
start: 2020-10-15-07:18:48
end: 2020-10-15-08:04:46